>>writegraph3d planar <<
 1  0 0 0   12 13  2
 2  0 0 0    1  3 25
 3  0 0 0    2 21  4
 4  0 0 0    3  5 26
 5  0 0 0    4 19  6
 6  0 0 0    5  7 28
 7  0 0 0    6 18  8
 8  0 0 0    7  9 30
 9  0 0 0    8 16 10
10  0 0 0    9 11 31
11  0 0 0   10 14 12
12  0 0 0   11  1 33
13  0 0 0    1 14 22
14  0 0 0   13 11 15
15  0 0 0   14 16 23
16  0 0 0   15  9 17
17  0 0 0   16 18 24
18  0 0 0   17  7 19
19  0 0 0   18  5 20
20  0 0 0   19 21 24
21  0 0 0   20  3 22
22  0 0 0   21 13 23
23  0 0 0   22 15 24
24  0 0 0   23 17 20
25  0 0 0    2 26 34
26  0 0 0   25  4 27
27  0 0 0   26 28 35
28  0 0 0   27  6 29
29  0 0 0   28 30 36
30  0 0 0   29  8 31
31  0 0 0   30 10 32
32  0 0 0   31 33 36
33  0 0 0   32 12 34
34  0 0 0   33 25 35
35  0 0 0   34 27 36
36  0 0 0   35 29 32
0
 1  0 0 0   14 15  2
 2  0 0 0    1  3 31
 3  0 0 0    2 23  4
 4  0 0 0    3  5 33
 5  0 0 0    4 22  6
 6  0 0 0    5  7 34
 7  0 0 0    6 20  8
 8  0 0 0    7  9 26
 9  0 0 0    8 19 10
10  0 0 0    9 11 27
11  0 0 0   10 17 12
12  0 0 0   11 13 28
13  0 0 0   12 16 14
14  0 0 0   13  1 30
15  0 0 0    1 16 24
16  0 0 0   15 13 17
17  0 0 0   16 11 18
18  0 0 0   17 19 25
19  0 0 0   18  9 20
20  0 0 0   19  7 21
21  0 0 0   20 22 25
22  0 0 0   21  5 23
23  0 0 0   22  3 24
24  0 0 0   23 15 25
25  0 0 0   24 18 21
26  0 0 0    8 27 35
27  0 0 0   26 10 28
28  0 0 0   27 12 29
29  0 0 0   28 30 36
30  0 0 0   29 14 31
31  0 0 0   30  2 32
32  0 0 0   31 33 36
33  0 0 0   32  4 34
34  0 0 0   33  6 35
35  0 0 0   34 26 36
36  0 0 0   35 29 32
0
