>>writegraph3d planar <<
  1  0 0 0    12  13   2
  2  0 0 0     1   3  98
  3  0 0 0     2  23   4
  4  0 0 0     3   5  99
  5  0 0 0     4  21   6
  6  0 0 0     5   7  93
  7  0 0 0     6  19   8
  8  0 0 0     7   9  94
  9  0 0 0     8  17  10
 10  0 0 0     9  11  95
 11  0 0 0    10  15  12
 12  0 0 0    11   1  97
 13  0 0 0     1  14  24
 14  0 0 0    13  15  27
 15  0 0 0    14  11  16
 16  0 0 0    15  17  29
 17  0 0 0    16   9  18
 18  0 0 0    17  19  31
 19  0 0 0    18   7  20
 20  0 0 0    19  21  33
 21  0 0 0    20   5  22
 22  0 0 0    21  23  35
 23  0 0 0    22   3  24
 24  0 0 0    23  13  25
 25  0 0 0    24  26  36
 26  0 0 0    25  27  39
 27  0 0 0    26  14  28
 28  0 0 0    27  29  41
 29  0 0 0    28  16  30
 30  0 0 0    29  31  43
 31  0 0 0    30  18  32
 32  0 0 0    31  33  45
 33  0 0 0    32  20  34
 34  0 0 0    33  35  47
 35  0 0 0    34  22  36
 36  0 0 0    35  25  37
 37  0 0 0    36  38  48
 38  0 0 0    37  39  51
 39  0 0 0    38  26  40
 40  0 0 0    39  41  53
 41  0 0 0    40  28  42
 42  0 0 0    41  43  55
 43  0 0 0    42  30  44
 44  0 0 0    43  45  57
 45  0 0 0    44  32  46
 46  0 0 0    45  47  59
 47  0 0 0    46  34  48
 48  0 0 0    47  37  49
 49  0 0 0    48  50  60
 50  0 0 0    49  51  63
 51  0 0 0    50  38  52
 52  0 0 0    51  53  65
 53  0 0 0    52  40  54
 54  0 0 0    53  55  67
 55  0 0 0    54  42  56
 56  0 0 0    55  57  69
 57  0 0 0    56  44  58
 58  0 0 0    57  59  71
 59  0 0 0    58  46  60
 60  0 0 0    59  49  61
 61  0 0 0    60  62  72
 62  0 0 0    61  63  75
 63  0 0 0    62  50  64
 64  0 0 0    63  65  77
 65  0 0 0    64  52  66
 66  0 0 0    65  67  79
 67  0 0 0    66  54  68
 68  0 0 0    67  69  81
 69  0 0 0    68  56  70
 70  0 0 0    69  71  83
 71  0 0 0    70  58  72
 72  0 0 0    71  61  73
 73  0 0 0    72  74  84
 74  0 0 0    73  75  86
 75  0 0 0    74  62  76
 76  0 0 0    75  77  87
 77  0 0 0    76  64  78
 78  0 0 0    77  79  89
 79  0 0 0    78  66  80
 80  0 0 0    79  81  90
 81  0 0 0    80  68  82
 82  0 0 0    81  83  91
 83  0 0 0    82  70  84
 84  0 0 0    83  73  85
 85  0 0 0    84  86  92
 86  0 0 0    85  74  87
 87  0 0 0    86  76  88
 88  0 0 0    87  89  92
 89  0 0 0    88  78  90
 90  0 0 0    89  80  91
 91  0 0 0    90  82  92
 92  0 0 0    91  85  88
 93  0 0 0     6  94 100
 94  0 0 0    93   8  95
 95  0 0 0    94  10  96
 96  0 0 0    95  97 100
 97  0 0 0    96  12  98
 98  0 0 0    97   2  99
 99  0 0 0    98   4 100
100  0 0 0    99  93  96
0
  1  0 0 0    22  23   2
  2  0 0 0     1   3  85
  3  0 0 0     2  42   4
  4  0 0 0     3   5  68
  5  0 0 0     4  40   6
  6  0 0 0     5   7  69
  7  0 0 0     6  38   8
  8  0 0 0     7   9  71
  9  0 0 0     8  36  10
 10  0 0 0     9  11  73
 11  0 0 0    10  34  12
 12  0 0 0    11  13  74
 13  0 0 0    12  32  14
 14  0 0 0    13  15  76
 15  0 0 0    14  30  16
 16  0 0 0    15  17  78
 17  0 0 0    16  28  18
 18  0 0 0    17  19  79
 19  0 0 0    18  26  20
 20  0 0 0    19  21  81
 21  0 0 0    20  24  22
 22  0 0 0    21   1  83
 23  0 0 0     1  24  43
 24  0 0 0    23  21  25
 25  0 0 0    24  26  45
 26  0 0 0    25  19  27
 27  0 0 0    26  28  47
 28  0 0 0    27  17  29
 29  0 0 0    28  30  49
 30  0 0 0    29  15  31
 31  0 0 0    30  32  50
 32  0 0 0    31  13  33
 33  0 0 0    32  34  52
 34  0 0 0    33  11  35
 35  0 0 0    34  36  54
 36  0 0 0    35   9  37
 37  0 0 0    36  38  56
 38  0 0 0    37   7  39
 39  0 0 0    38  40  57
 40  0 0 0    39   5  41
 41  0 0 0    40  42  59
 42  0 0 0    41   3  43
 43  0 0 0    42  23  44
 44  0 0 0    43  45  60
 45  0 0 0    44  25  46
 46  0 0 0    45  47  61
 47  0 0 0    46  27  48
 48  0 0 0    47  49  63
 49  0 0 0    48  29  50
 50  0 0 0    49  31  51
 51  0 0 0    50  52  64
 52  0 0 0    51  33  53
 53  0 0 0    52  54  65
 54  0 0 0    53  35  55
 55  0 0 0    54  56  66
 56  0 0 0    55  37  57
 57  0 0 0    56  39  58
 58  0 0 0    57  59  67
 59  0 0 0    58  41  60
 60  0 0 0    59  44  61
 61  0 0 0    60  46  62
 62  0 0 0    61  63  67
 63  0 0 0    62  48  64
 64  0 0 0    63  51  65
 65  0 0 0    64  53  66
 66  0 0 0    65  55  67
 67  0 0 0    66  58  62
 68  0 0 0     4  69  86
 69  0 0 0    68   6  70
 70  0 0 0    69  71  88
 71  0 0 0    70   8  72
 72  0 0 0    71  73  90
 73  0 0 0    72  10  74
 74  0 0 0    73  12  75
 75  0 0 0    74  76  91
 76  0 0 0    75  14  77
 77  0 0 0    76  78  93
 78  0 0 0    77  16  79
 79  0 0 0    78  18  80
 80  0 0 0    79  81  94
 81  0 0 0    80  20  82
 82  0 0 0    81  83  96
 83  0 0 0    82  22  84
 84  0 0 0    83  85  97
 85  0 0 0    84   2  86
 86  0 0 0    85  68  87
 87  0 0 0    86  88  98
 88  0 0 0    87  70  89
 89  0 0 0    88  90 100
 90  0 0 0    89  72  91
 91  0 0 0    90  75  92
 92  0 0 0    91  93 100
 93  0 0 0    92  77  94
 94  0 0 0    93  80  95
 95  0 0 0    94  96  99
 96  0 0 0    95  82  97
 97  0 0 0    96  84  98
 98  0 0 0    97  87  99
 99  0 0 0    98 100  95
100  0 0 0    99  89  92
0
  1  0 0 0    24  25   2
  2  0 0 0     1   3  81
  3  0 0 0     2  45   4
  4  0 0 0     3   5  83
  5  0 0 0     4  43   6
  6  0 0 0     5   7  63
  7  0 0 0     6  41   8
  8  0 0 0     7   9  64
  9  0 0 0     8  39  10
 10  0 0 0     9  11  66
 11  0 0 0    10  37  12
 12  0 0 0    11  13  68
 13  0 0 0    12  36  14
 14  0 0 0    13  15  70
 15  0 0 0    14  34  16
 16  0 0 0    15  17  72
 17  0 0 0    16  32  18
 18  0 0 0    17  19  74
 19  0 0 0    18  30  20
 20  0 0 0    19  21  75
 21  0 0 0    20  28  22
 22  0 0 0    21  23  77
 23  0 0 0    22  26  24
 24  0 0 0    23   1  79
 25  0 0 0     1  26  46
 26  0 0 0    25  23  27
 27  0 0 0    26  28  48
 28  0 0 0    27  21  29
 29  0 0 0    28  30  49
 30  0 0 0    29  19  31
 31  0 0 0    30  32  51
 32  0 0 0    31  17  33
 33  0 0 0    32  34  52
 34  0 0 0    33  15  35
 35  0 0 0    34  36  54
 36  0 0 0    35  13  37
 37  0 0 0    36  11  38
 38  0 0 0    37  39  55
 39  0 0 0    38   9  40
 40  0 0 0    39  41  56
 41  0 0 0    40   7  42
 42  0 0 0    41  43  58
 43  0 0 0    42   5  44
 44  0 0 0    43  45  59
 45  0 0 0    44   3  46
 46  0 0 0    45  25  47
 47  0 0 0    46  48  60
 48  0 0 0    47  27  49
 49  0 0 0    48  29  50
 50  0 0 0    49  51  61
 51  0 0 0    50  31  52
 52  0 0 0    51  33  53
 53  0 0 0    52  54  62
 54  0 0 0    53  35  55
 55  0 0 0    54  38  56
 56  0 0 0    55  40  57
 57  0 0 0    56  58  62
 58  0 0 0    57  42  59
 59  0 0 0    58  44  60
 60  0 0 0    59  47  61
 61  0 0 0    60  50  62
 62  0 0 0    61  53  57
 63  0 0 0     6  64  84
 64  0 0 0    63   8  65
 65  0 0 0    64  66  86
 66  0 0 0    65  10  67
 67  0 0 0    66  68  87
 68  0 0 0    67  12  69
 69  0 0 0    68  70  89
 70  0 0 0    69  14  71
 71  0 0 0    70  72  90
 72  0 0 0    71  16  73
 73  0 0 0    72  74  92
 74  0 0 0    73  18  75
 75  0 0 0    74  20  76
 76  0 0 0    75  77  93
 77  0 0 0    76  22  78
 78  0 0 0    77  79  94
 79  0 0 0    78  24  80
 80  0 0 0    79  81  96
 81  0 0 0    80   2  82
 82  0 0 0    81  83  97
 83  0 0 0    82   4  84
 84  0 0 0    83  63  85
 85  0 0 0    84  86  98
 86  0 0 0    85  65  87
 87  0 0 0    86  67  88
 88  0 0 0    87  89  99
 89  0 0 0    88  69  90
 90  0 0 0    89  71  91
 91  0 0 0    90  92 100
 92  0 0 0    91  73  93
 93  0 0 0    92  76  94
 94  0 0 0    93  78  95
 95  0 0 0    94  96 100
 96  0 0 0    95  80  97
 97  0 0 0    96  82  98
 98  0 0 0    97  85  99
 99  0 0 0    98  88 100
100  0 0 0    99  91  95
0
  1  0 0 0    15  33   2
  2  0 0 0     1   3  52
  3  0 0 0     2  44   4
  4  0 0 0     3   5  54
  5  0 0 0     4  42   6
  6  0 0 0     5   7  56
  7  0 0 0     6  40   8
  8  0 0 0     7   9  57
  9  0 0 0     8  38  10
 10  0 0 0     9  11  59
 11  0 0 0    10  36  12
 12  0 0 0    11  13  61
 13  0 0 0    12  34  14
 14  0 0 0    13  15  63
 15  0 0 0    14   1  16
 16  0 0 0    15  17  65
 17  0 0 0    16  52  18
 18  0 0 0    17  19  32
 19  0 0 0    18  75  20
 20  0 0 0    19  21  83
 21  0 0 0    20  73  22
 22  0 0 0    21  23  85
 23  0 0 0    22  71  24
 24  0 0 0    23  25  87
 25  0 0 0    24  69  26
 26  0 0 0    25  27  89
 27  0 0 0    26  68  28
 28  0 0 0    27  29  91
 29  0 0 0    28  66  30
 30  0 0 0    29  31  93
 31  0 0 0    30  65  32
 32  0 0 0    31  18  82
 33  0 0 0     1  34  45
 34  0 0 0    33  13  35
 35  0 0 0    34  36  46
 36  0 0 0    35  11  37
 37  0 0 0    36  38  48
 38  0 0 0    37   9  39
 39  0 0 0    38  40  49
 40  0 0 0    39   7  41
 41  0 0 0    40  42  50
 42  0 0 0    41   5  43
 43  0 0 0    42  44  51
 44  0 0 0    43   3  45
 45  0 0 0    44  33  46
 46  0 0 0    45  35  47
 47  0 0 0    46  48  51
 48  0 0 0    47  37  49
 49  0 0 0    48  39  50
 50  0 0 0    49  41  51
 51  0 0 0    50  43  47
 52  0 0 0    17   2  53
 53  0 0 0    52  54  75
 54  0 0 0    53   4  55
 55  0 0 0    54  56  76
 56  0 0 0    55   6  57
 57  0 0 0    56   8  58
 58  0 0 0    57  59  77
 59  0 0 0    58  10  60
 60  0 0 0    59  61  79
 61  0 0 0    60  12  62
 62  0 0 0    61  63  81
 63  0 0 0    62  14  64
 64  0 0 0    63  65  66
 65  0 0 0    64  16  31
 66  0 0 0    64  29  67
 67  0 0 0    66  68  81
 68  0 0 0    67  27  69
 69  0 0 0    68  25  70
 70  0 0 0    69  71  80
 71  0 0 0    70  23  72
 72  0 0 0    71  73  78
 73  0 0 0    72  21  74
 74  0 0 0    73  75  76
 75  0 0 0    74  19  53
 76  0 0 0    74  55  77
 77  0 0 0    76  58  78
 78  0 0 0    77  79  72
 79  0 0 0    78  60  80
 80  0 0 0    79  81  70
 81  0 0 0    80  62  67
 82  0 0 0    32  83  94
 83  0 0 0    82  20  84
 84  0 0 0    83  85  95
 85  0 0 0    84  22  86
 86  0 0 0    85  87  97
 87  0 0 0    86  24  88
 88  0 0 0    87  89  98
 89  0 0 0    88  26  90
 90  0 0 0    89  91  99
 91  0 0 0    90  28  92
 92  0 0 0    91  93 100
 93  0 0 0    92  30  94
 94  0 0 0    93  82  95
 95  0 0 0    94  84  96
 96  0 0 0    95  97 100
 97  0 0 0    96  86  98
 98  0 0 0    97  88  99
 99  0 0 0    98  90 100
100  0 0 0    99  92  96
0
  1  0 0 0    15  37   2
  2  0 0 0     1   3  48
  3  0 0 0     2  45   4
  4  0 0 0     3   5  50
  5  0 0 0     4  44   6
  6  0 0 0     5   7  52
  7  0 0 0     6  42   8
  8  0 0 0     7   9  53
  9  0 0 0     8  41  10
 10  0 0 0     9  11  55
 11  0 0 0    10  40  12
 12  0 0 0    11  13  57
 13  0 0 0    12  38  14
 14  0 0 0    13  15  59
 15  0 0 0    14   1  16
 16  0 0 0    15  17  61
 17  0 0 0    16  48  18
 18  0 0 0    17  19  63
 19  0 0 0    18  79  20
 20  0 0 0    19  21  65
 21  0 0 0    20  77  22
 22  0 0 0    21  23  36
 23  0 0 0    22  75  24
 24  0 0 0    23  25  91
 25  0 0 0    24  73  26
 26  0 0 0    25  27  93
 27  0 0 0    26  71  28
 28  0 0 0    27  29  94
 29  0 0 0    28  69  30
 30  0 0 0    29  31  95
 31  0 0 0    30  68  32
 32  0 0 0    31  33  97
 33  0 0 0    32  66  34
 34  0 0 0    33  35  98
 35  0 0 0    34  65  36
 36  0 0 0    35  22  90
 37  0 0 0     1  38  46
 38  0 0 0    37  13  39
 39  0 0 0    38  40  47
 40  0 0 0    39  11  41
 41  0 0 0    40   9  42
 42  0 0 0    41   7  43
 43  0 0 0    42  44  47
 44  0 0 0    43   5  45
 45  0 0 0    44   3  46
 46  0 0 0    45  37  47
 47  0 0 0    46  39  43
 48  0 0 0    17   2  49
 49  0 0 0    48  50  79
 50  0 0 0    49   4  51
 51  0 0 0    50  52  80
 52  0 0 0    51   6  53
 53  0 0 0    52   8  54
 54  0 0 0    53  55  81
 55  0 0 0    54  10  56
 56  0 0 0    55  57  83
 57  0 0 0    56  12  58
 58  0 0 0    57  59  85
 59  0 0 0    58  14  60
 60  0 0 0    59  61  87
 61  0 0 0    60  16  62
 62  0 0 0    61  63  89
 63  0 0 0    62  18  64
 64  0 0 0    63  65  66
 65  0 0 0    64  20  35
 66  0 0 0    64  33  67
 67  0 0 0    66  68  89
 68  0 0 0    67  31  69
 69  0 0 0    68  29  70
 70  0 0 0    69  71  88
 71  0 0 0    70  27  72
 72  0 0 0    71  73  86
 73  0 0 0    72  25  74
 74  0 0 0    73  75  84
 75  0 0 0    74  23  76
 76  0 0 0    75  77  82
 77  0 0 0    76  21  78
 78  0 0 0    77  79  80
 79  0 0 0    78  19  49
 80  0 0 0    78  51  81
 81  0 0 0    80  54  82
 82  0 0 0    81  83  76
 83  0 0 0    82  56  84
 84  0 0 0    83  85  74
 85  0 0 0    84  58  86
 86  0 0 0    85  87  72
 87  0 0 0    86  60  88
 88  0 0 0    87  89  70
 89  0 0 0    88  62  67
 90  0 0 0    36  91  99
 91  0 0 0    90  24  92
 92  0 0 0    91  93 100
 93  0 0 0    92  26  94
 94  0 0 0    93  28  95
 95  0 0 0    94  30  96
 96  0 0 0    95  97 100
 97  0 0 0    96  32  98
 98  0 0 0    97  34  99
 99  0 0 0    98  90 100
100  0 0 0    99  92  96
0
