41
-0.9261904907226564 1.0542857142857143 1 6 5
-1.0676190621512278 1.1400000000000001 2 0
-1.1961904907226564 1.0414285714285716 1 3
-1.2090476335797993 0.9085714285714285 4 2
-1.0719047764369418 0.7671428571428572 5 3
-0.9604762050083704 0.822857142857143 0 4 9
-0.7933333478655136 1.157142857142857 0 7
-0.6561904907226561 1.0414285714285716 6 8
-0.6433333478655134 0.8057142857142856 9 7 12
-0.771904776436942 0.7414285714285713 5 8 10
-0.7847619192940849 0.54 27 9
-0.43333334786551336 0.5485714285714286 26 12 27
-0.4461904907226564 0.6814285714285715 8 13 11
-0.28333334786551356 0.8014285714285716 12 16 14
-0.17619049072265625 0.7199999999999999 19 13 15
-0.16761906215122768 0.5442857142857144 14 26
-0.2919047764369419 1.067142857142857 13 17
-0.1547619192940849 1.1442857142857141 16 18
0.01666665213448648 1.0285714285714285 17 20 19
-0.009047633579798986 0.822857142857143 18 23 14
0.20952379499162932 1.1614285714285715 18 21
0.3080952235630581 1.0242857142857142 20 22
0.3080952235630581 0.8185714285714285 21 23
0.16666665213448661 0.6857142857142858 22 19
-0.01761906215122766 0.2014285714285714 25 35
-0.1976190621512277 0.10285714285714287 26 24 34
-0.3047619192940849 0.21000000000000008 15 11 28 25
-0.5876190621512278 0.20571428571428563 11 10 29 28
-0.4676190621512277 0.07285714285714284 27 26 31
-0.7590476335797991 0.06857142857142862 27 30
-0.7419047764369421 -0.13285714285714278 32 29
-0.45904763357979916 -0.1200000000000001 28 33 32
-0.5747619192940849 -0.27428571428571424 31 38 30
-0.2919047764369419 -0.2828571428571429 31 34 39
-0.18904763357979903 -0.15428571428571414 37 25 33
0.16238093784877217 0.06428571428571417 24 36
0.14095236642020081 -0.1457142857142859 35 37
-0.01761906215122766 -0.2957142857142856 36 34
-0.5833333478655134 -0.544285714285714 32 40
-0.3304762050083705 -0.5057142857142858 40 33
-0.4419047764369419 -0.6514285714285717 38 39
